1.778279410038922759e+00 1.284262144569607855e+01
2.196173600205435950e+00 1.179068746420144898e+01
2.712272579332028144e+00 1.168747877853507688e+01
3.349654391578275714e+00 9.777794213104961329e+00
4.136820402388507567e+00 1.042540109929508674e+01
5.108969774506927131e+00 6.631049857256948954e+00
6.309573444801931608e+00 7.827125116981185293e+00
7.792317984341940118e+00 6.134323940622523175e+00
9.623506263980884157e+00 4.742015777925723263e+00
1.188502227437018277e+01 5.820745098655815575e+00
1.467799267622068982e+01 5.593376099293727144e+00
1.812730881184698717e+01 6.756065355403490180e+00
2.238721138568338986e+01 6.585738525639563079e+00
2.764818754010107327e+01 4.719976512057263207e+00
3.414548873833600595e+01 4.723982854809667842e+00
4.216965034285822611e+01 5.018659143481323248e+00
5.207948328595462328e+01 4.957887901906767425e+00
6.431811877215083939e+01 4.115878024686720593e+00
7.943282347242814012e+01 4.282826393163623457e+00
9.809947127268769407e+01 4.465691266247429958e+00
1.211527658628587574e+02 3.198937480200094718e+00
1.496235656094432898e+02 3.664646290271485363e+00
1.847849797422290692e+02 3.765465435549470108e+00
2.282092971067450833e+02 3.357659593556671762e+00
2.818382931264451940e+02 3.530390455096301228e+00
3.480700588428409787e+02 2.896783265965198417e+00
4.298662347082276369e+02 3.049005893398560207e+00
5.308844442309879241e+02 3.174632802859530312e+00
6.556418494179785057e+02 3.689506766685200834e+00
8.097171416105617254e+02 3.696640841534852839e+00
1.000000000000000000e+03 2.908921093147027293e+00