1.778279410038922759e+00 1.250347123479627598e+01
2.018366363681560749e+00 1.350846568451864727e+01
2.290867652767773155e+00 1.036151760027221158e+01
2.600159563165272303e+00 1.086350583656126467e+01
2.951209226666385632e+00 9.989571518944361017e+00
3.349654391578276602e+00 1.205342754789120718e+01
3.801893963205612792e+00 1.006817597587517632e+01
4.315190768277652467e+00 7.184222554562821550e+00
4.897788193684461611e+00 6.610451957969603498e+00
5.559042572704036012e+00 7.225790725812053061e+00
6.309573444801933384e+00 7.855234753628405286e+00
7.161434102129019763e+00 8.120898152084905064e+00
8.128305161640993148e+00 6.114502395795837764e+00
9.225714271547630574e+00 6.634679214499855426e+00
1.047128548050899610e+01 6.905164563393761945e+00
1.188502227437018277e+01 6.067268323431939336e+00
1.348962882591653312e+01 6.609921497073037777e+00
1.531087461682030337e+01 5.725631165659969213e+00
1.737800828749375270e+01 6.348425195980465396e+00
1.972422736114853592e+01 4.710316790736146508e+00
2.238721138568340052e+01 4.955837525763223006e+00
2.540972705549305033e+01 5.901282787517275530e+00
2.884031503126605855e+01 4.769584706983548195e+00
3.273406948788381499e+01 4.259809167731811286e+00
3.715352290971726035e+01 5.006108389728994190e+00
4.216965034285822611e+01 4.792971026767722798e+00
4.786300923226382764e+01 3.980232106904943556e+00
5.432503314924333182e+01 3.436090012672864624e+00
6.165950018614822170e+01 3.336962229305332706e+00
6.998419960022734188e+01 3.439559236182633928e+00
7.943282347242814012e+01 4.004618793646827157e+00
9.015711376059570625e+01 4.387070297438170563e+00
1.023292992280753566e+02 4.494171112123606981e+00
1.161448613840342574e+02 3.229618049388456757e+00
1.318256738556407299e+02 3.375776676788448505e+00
1.496235656094432898e+02 2.820761859141617034e+00
1.698243652461744375e+02 3.802717968151321681e+00
1.927524913190936502e+02 4.102692880447674106e+00
2.187761623949551790e+02 4.311676407067040806e+00
2.483133105295570431e+02 3.581939333862188768e+00
2.818382931264454783e+02 3.470859116393003152e+00
3.198895109691397352e+02 3.905255606494548726e+00
3.630780547701014029e+02 3.447178740105938832e+00
4.120975190973304052e+02 2.445900569622214693e+00
4.677351412871981324e+02 4.104697111810596155e+00
5.308844442309884926e+02 3.274847885106990208e+00
6.025595860743575258e+02 3.146499602271354501e+00
6.839116472814292820e+02 3.166838628873230199e+00
7.762471166286919697e+02 3.102444695862257795e+00
8.810488730080137429e+02 2.579588551994381973e+00
1.000000000000000000e+03 3.898411967274383105e+00