0,1
0.10000000000000001,0.96525844528833316
0.20000000000000001,0.8640514202996592
0.30000000000000004,0.70518586028648922
0.40000000000000002,0.50242330603931096
0.5,0.27321189645248767
0.60000000000000009,0.037074682523233336
0.70000000000000007,-0.18618788568963737
0.80000000000000004,-0.3783121012679132
0.90000000000000002,-0.52424772139238596
1,-0.61350414314503987
1.1000000000000001,-0.6410795543373583
1.2000000000000002,-0.60785885657519134
1.3,-0.52046382438368777
1.4000000000000001,-0.39056465287438574
1.5,-0.23370505395488755
1.6000000000000001,-0.067771608598266281
1.7000000000000002,0.088751436969810596
1.8,0.21858116797874769
1.9000000000000001,0.30731647230580816
2,0.34484251999911281
2.1000000000000001,0.32631596555807718
2.2000000000000002,0.25263725824040123
2.3000000000000003,0.13039484821774999
2.4000000000000004,-0.028744716998885571
2.5,-0.20915023496277368
2.6000000000000001,-0.39270701486765247
2.7000000000000002,-0.56054844395630765
2.8000000000000003,-0.69485801958470661
2.9000000000000004,-0.78060414654911703
3,-0.80698782905929423
3.1000000000000001,-0.76852412580759788
3.2000000000000002,-0.66561326525177023
3.3000000000000003,-0.50456711667846676
3.4000000000000004,-0.29709237137949457
3.5,-0.059245757820443168
3.6000000000000001,0.19000606608954829
3.7000000000000002,0.43050556578178295
3.8000000000000003,0.6427373339266258
3.9000000000000004,0.80960109414654891
4,0.91797589960140291
4.1000000000000005,0.95989467044522758
4.2000000000000002,0.9332491051519034
4.2999999999999998,0.8419596110825236
4.4000000000000004,0.6955724410317734
4.5,0.50834328450682409
4.6000000000000005,0.29788308208836722
4.7000000000000002,0.08349904529006634
4.8000000000000007,-0.11561341103487366
4.9000000000000004,-0.28215744398578591
5,-0.40234500928154976
5.1000000000000005,-0.46714814803433558
5.2000000000000002,-0.47310875829792298
5.3000000000000007,-0.42260555468400574
5.4000000000000004,-0.32358148090894823
5.5,-0.18872342346563137
5.6000000000000005,-0.034203315095244956
5.7000000000000002,0.12191726620867391
5.8000000000000007,0.26145802948214292
5.9000000000000004,0.36789988862316453
6,0.42801881102188172
6.1000000000000005,0.43318524862666657
6.2000000000000002,0.38024239926226772
6.3000000000000007,0.27185003185806778
6.4000000000000004,0.11629088476013653
6.5,-0.07327823007102327
6.6000000000000005,-0.28003486480951817
6.7000000000000002,-0.4850554529471065
6.8000000000000007,-0.66908885154411613
6.9000000000000004,-0.81436299497349007
7,-0.90628236042063082
7.1000000000000005,-0.93480863370401002
7.2000000000000002,-0.89544260066661907
7.3000000000000007,-0.78966819352150486
7.4000000000000004,-0.62487669466070561
7.5,-0.41371699180529115
7.6000000000000005,-0.17295540090067987
7.7000000000000002,0.078039311908538161
7.8000000000000007,0.31905590155033609
7.9000000000000004,0.53087402901769487
8,0.69700715264411839
8.0999999999999996,0.80519326327150453
8.2000000000000011,0.84847740835884711
8.3000000000000007,0.82579015883636364
8.4000000000000004,0.74201015515597257
8.5,0.60743958224575578
8.5999999999999996,0.43678391979675552
8.7000000000000011,0.24772689405100631
8.8000000000000007,0.059231134393075882
8.9000000000000004,-0.11026865572387505
9,-0.24461873126159908
9.0999999999999996,-0.33147744211368435
9.2000000000000011,-0.36346886248823335
9.3000000000000007,-0.33884651578989006
9.4000000000000004,-0.2616536207628265
9.5,-0.14130460622142493
9.6000000000000014,0.008353415296324258
9.7000000000000011,0.17039130707656402
9.8000000000000007,0.32645035526801092
9.9000000000000004,0.45853408838717619
