   0.    727.     
   0.1   697.33684
   0.2   668.93069
   0.3   641.72827
   0.4   615.67859
   0.5   590.73278
   0.6   566.84407
   0.7   543.96767
   0.8   522.06068
   0.9   501.08202
   1.    480.99235
   1.1   461.754  
   1.2   443.33089
   1.3   425.68848
   1.4   408.79368
   1.5   392.61481
   1.6   377.12154
   1.7   362.28481
   1.8   348.0768 
   1.9   334.47087
   2.    321.44151
   2.1   308.96427
   2.2   297.01577
   2.3   285.5736 
   2.4   274.6163 
   2.5   264.12333
   2.6   254.075  
   2.7   244.45249
   2.8   235.23773
   2.9   226.41346
   3.    217.96313
   3.1   209.87089
   3.2   202.12156
   3.3   194.70062
   3.4   187.59415
   3.5   180.78882
   3.6   174.27188
   3.7   168.03109
   3.8   162.05477
   3.9   156.3317 
   4.    150.85114
   4.1   145.60283
   4.2   140.57693
   4.3   135.764  
   4.4   131.15502
   4.5   126.74136
   4.6   122.51472
   4.7   118.4672 
   4.8   114.59119
   4.9   110.87943
   5.    107.32496
   5.1   103.92111
   5.2   100.66151
   5.3   97.540034
   5.4   94.550834
   5.5   91.688304
   5.6   88.947076
   5.7   86.322011
   5.8   83.808185
   5.9   81.400884
   6.    79.095596
   6.1   76.887996
   6.2   74.773945
   6.3   72.74948 
   6.4   70.810802
   6.5   68.954279
   6.6   67.176427
   6.7   65.473913
   6.8   63.843545
   6.9   62.282265
   7.    60.787146
   7.1   59.355384
   7.2   57.984294
   7.3   56.671305
   7.4   55.413956
   7.5   54.209888
   7.6   53.056843
   7.7   51.95266 
   7.8   50.895268
   7.9   49.882683
   8.    48.913008
   8.1   47.984424
   8.2   47.095189
   8.3   46.243637
   8.4   45.42817 
   8.5   44.647259
   8.6   43.899439
   8.7   43.18331 
   8.8   42.497527
   8.9   41.840805
   9.    41.211912
   9.1   40.609668
   9.2   40.032946
   9.3   39.480663
   9.4   38.951783
   9.5   38.445315
   9.6   37.960309
   9.7   37.495855
   9.8   37.051084
   9.9   36.62516
   10.    36.217284
   10.1   35.826693
   10.2   35.452654
   10.3   35.094465
   10.4   34.751454
   10.5   34.422979
   10.6   34.108423
   10.7   33.807197
   10.8   33.518736
   10.9   33.242498
   11.    32.977967
   11.1   32.724645
   11.2   32.482057
   11.3   32.24975 
   11.4   32.027287
   11.5   31.814251
   11.6   31.610243
   11.7   31.414879
   11.8   31.227795
   11.9   31.048638
   12.    30.877073
   12.1   30.712778
   12.2   30.555446
   12.3   30.404781
   12.4   30.2605  
   12.5   30.122333
   12.6   29.990021
   12.7   29.863316
   12.8   29.741981
   12.9   29.625787
   13.    29.514516
   13.1   29.407961
   13.2   29.305922
   13.3   29.208206
   13.4   29.114631
   13.5   29.025022
   13.6   28.93921 
   13.7   28.857034
   13.8   28.77834 
   13.9   28.702981
   14.    28.630816
   14.1   28.561709
   14.2   28.49553 
   14.3   28.432155
   14.4   28.371466
   14.5   28.313349
   14.6   28.257695
   14.7   28.204399
   14.8   28.153361
   14.9   28.104487    